[ids]
left = C719
right = C6D9

[C719]
ankle_reading_55_deg = 6856
poly4 = -6.692285266621711e-16
poly3 = -1.147141714282198e-12
poly2 = 1.573074830488744e-08
poly1 = 2.696447280974136e-04
poly0 = 2.958110690290674e+00

[C6D9]
ankle_reading_55_deg = 1417
poly4 = 1.282319805486142e-12
poly3 = 4.719804328269908e-10
poly2 = -1.238516279801413e-06
poly1 = -4.459553969343352e-03
poly0 = -1.015428179512915e+01

