[ids]
left = C719
right = C6D9

[C719]
ankle_reading_55_deg = 5935
poly4 = -1.897366210015303e-10
poly3 = 3.231551075036516e-06
poly2 = -2.031289138370717e-02
poly1 = 6.803589687311457e+01
poly0 = -6.401897610468795e+04

[C6D9]
ankle_reading_55_deg = 2663
poly4 = 9.353749824153902e-11
poly3 = -1.485428134229325e-06
poly2 = 8.339703074754783e-03
poly1 = -7.656019804837489e+00
poly0 = -5.911509852481093e+04