[ids]
left = C719
right = C6D9

[C719]
ankle_reading_55_deg = 8003
poly4 = -1.038517544212991e-10
poly3 = 1.532018096687946e-06
poly2 = -7.963505638770409e-03
poly1 = 2.900193550168794e+01
poly0 = -3.554271561569841e+04

[C6D9]
ankle_reading_55_deg = 186
poly4 = 1.202489522154764e-10
poly3 = -2.079052430522920e-06
poly2 = 1.300889400083369e-02
poly1 = -2.290975842469106e+01
poly0 = -2.570266954202232e+04

