[ids]
left = C719
right = C6D9

[C719]
ankle_reading_55_deg = 6856
poly4 = -1.939611081442281e-10
poly3 = 3.218465827567496e-06
poly2 = -1.942013593288000e-02
poly1 = 6.231387005484586e+01
poly0 = -6.990951469025947e+04

[C6D9]
ankle_reading_55_deg = 1417
poly4 = 2.091341337202628e-10
poly3 = -3.335178557554232e-06
poly2 = 1.915014036822669e-02
poly1 = -3.489698164961085e+01
poly0 = -1.789944218713478e+04

