[ids]
left = C719
right = C6D9

[C719]
ankle_reading_55_deg = 7978
poly4 = -3.241153520504261e-10
poly3 = 5.282199753710064e-06
poly2 = -3.134279059972483e-02
poly1 = 9.198271093349651e+01
poly0 = -9.713367107021877e+04
ank_min = 2316
ank_max = 5748

[C6D9]
ankle_reading_55_deg = 166
poly4 = 2.962693359070020e-10
poly3 = -4.840889310985966e-06
poly2 = 2.876823248318022e-02
poly1 = -6.177491271016203e+01
poly0 = 9.577366025522644e+03
ank_min = 2513
ank_max = 5929