[ids]
left = C719
right = C6D9

[C719]
ankle_reading_55_deg = 7970
poly4 = 1.030095232108603e-10
poly3 = -2.429585626501115e-06
poly2 = 1.861050978983275e-02
poly1 = -4.502210510640536e+01
poly0 = 3.680851557428707e+04

[C6D9]
ankle_reading_55_deg = 200
poly4 = -1.001753266007235e-10
poly3 = 9.300957133402134e-07
poly2 = -4.355618143852197e-04
poly1 = -2.523475910627508e+00
poly0 = -2.916791315579071e+04

