[ids]
left = C719
right = C6D9

[C719]
ankle_reading_55_deg = 6856
poly4 = 4.915430722291478e-14
poly3 = -1.341243260543068e-09
poly2 = 1.364998485589960e-05
poly1 = -6.549565736009181e-02
poly0 = 1.609401649684951e+02

[C6D9]
ankle_reading_55_deg = 1417
poly4 = 2.054146866723496e-14
poly3 = -1.310143504226562e-10
poly2 = -1.183112707178451e-06
poly1 = 1.265665347994487e-02
poly0 = -2.556918583649651e+01

