[ids]
left = C719
right = C6D9

[C719]
ankle_reading_55_deg = 6089
poly4 = -1.644608214477925e-10
poly3 = 2.789917547923359e-06
poly2 = -1.751379173094104e-02
poly1 = 6.047116235634989e+01
poly0 = -8.955124163737131e+04

[C6D9]
ankle_reading_55_deg = 2230
poly4 = 6.561470461352022e-11
poly3 = -1.107047948675721e-06
poly2 = 6.580917794762816e-03
poly1 = -4.474942333887556e+00
poly0 = -4.432904004566743e+04

